0 2 2 -8.88888888888889 0.0 0.0 1.0 1.5 8.88888888888889 -0.0 1.5707963267948966 
1 2 2 -8.884502758806503 0.2792067473611404 0.0 0.9999999999999999 1.4999999999999998 8.884502758806503 -0.2792067473611404 1.5393804002589986 
2 2 2 -8.871348697140192 0.5581379513716744 0.0 1.0 1.5 8.871348697140192 -0.5581379513716744 1.5079644737231006 
3 2 2 -8.84943968536071 0.8365183406090163 0.0 1.0 1.5 8.84943968536071 -0.8365183406090163 1.4765485471872029 
4 2 2 -8.81879734501758 1.11407318723826 0.0 1.0 1.4999999999999998 8.81879734501758 -1.11407318723826 1.4451326206513049 
5 2 2 -8.779451916401225 1.3905285781353856 0.0 0.9999999999999999 1.5 8.779451916401225 -1.3905285781353856 1.413716694115407 
6 2 2 -8.731442228699455 1.6656116852064413 0.0 1.0 1.5000000000000002 8.731442228699455 -1.6656116852064413 1.382300767579509 
7 2 2 -8.674815661677755 1.9390510346359338 0.0 1.0000000000000002 1.5000000000000002 8.674815661677755 -1.9390510346359338 1.350884841043611 
8 2 2 -8.609628098921165 2.2105767747987093 0.0 1.0 1.5 8.609628098921165 -2.2105767747987093 1.3194689145077132 
9 2 2 -8.535943872683939 2.479920942570927 0.0 0.9999999999999999 1.5 8.535943872683939 -2.479920942570927 1.2880529879718152 
10 2 2 -8.453835700401365 2.7468177277773105 0.0 1.0 1.5 8.453835700401365 -2.7468177277773105 1.2566370614359172 
11 2 2 -8.363384612926449 3.011003735513701 0.0 1.0 1.4999999999999998 8.363384612926449 -3.011003735513701 1.2252211349000193 
12 2 2 -8.264679874562235 3.2722182460860267 0.0 1.0 1.5 8.264679874562235 -3.2722182460860267 1.1938052083641213 
13 2 2 -8.157818894968722 3.530203472309161 0.0 1.0 1.4999999999999998 8.157818894968722 -3.530203472309161 1.1623892818282235 
14 2 2 -8.042907133031285 3.784704813911757 0.0 0.9999999999999999 1.4999999999999998 8.042907133031285 -3.784704813911757 1.1309733552923256 
15 2 2 -7.920057992785493 4.035471108795972 0.0 1.0 1.5 7.920057992785493 -4.035471108795972 1.0995574287564276 
16 2 2 -7.78939271150101 4.282254880904136 0.0 1.0 1.4999999999999998 7.78939271150101 -4.282254880904136 1.0681415022205296 
17 2 2 -7.651040240035055 4.524812584447745 0.0 1.0 1.4999999999999998 7.651040240035055 -4.524812584447745 1.0367255756846316 
18 2 2 -7.505137115573468 4.762904844257748 0.0 1.0 1.5 7.505137115573468 -4.762904844257748 1.0053096491487339 
19 2 2 -7.351827326884995 4.996296692018939 0.0 0.9999999999999999 1.5 7.351827326884995 -4.996296692018939 0.9738937226128357 
20 2 2 -7.191262172221755 5.224757798155317 0.0 1.0 1.5 7.191262172221755 -5.224757798155317 0.9424777960769379 
21 2 2 -7.023600110006138 5.448062699137568 0.0 1.0 1.4999999999999998 7.023600110006138 -5.448062699137568 0.91106186954104 
22 2 2 -6.84900660245146 5.665991019988352 0.0 1.0 1.5 6.84900660245146 -5.665991019988352 0.879645943005142 
23 2 2 -6.6676539522707525 5.8783276917657945 0.0 1.0 1.5 6.6676539522707525 -5.8783276917657945 0.8482300164692441 
24 2 2 -6.4797211326347695 6.084863163810566 0.0 0.9999999999999999 1.5 6.4797211326347695 -6.084863163810566 0.816814089933346 
25 2 2 -6.28539361054709 6.2853936105470884 0.0 1.0 1.5 6.28539361054709 -6.2853936105470884 0.7853981633974481 
26 2 2 -6.084863163810566 6.479721132634769 0.0 0.9999999999999999 1.4999999999999998 6.084863163810566 -6.479721132634769 0.7539822368615504 
27 2 2 -5.8783276917657945 6.6676539522707525 0.0 1.0 1.4999999999999998 5.8783276917657945 -6.6676539522707525 0.7225663103256524 
28 2 2 -5.665991019988353 6.84900660245146 0.0 1.0 1.5000000000000002 5.665991019988353 -6.84900660245146 0.6911503837897545 
29 2 2 -5.44806269913757 7.023600110006137 0.0 1.0 1.5000000000000002 5.44806269913757 -7.023600110006137 0.6597344572538565 
30 2 2 -5.224757798155316 7.191262172221755 0.0 1.0 1.5000000000000002 5.224757798155316 -7.191262172221755 0.6283185307179585 
31 2 2 -4.996296692018939 7.351827326884995 0.0 0.9999999999999999 1.5000000000000002 4.996296692018939 -7.351827326884995 0.5969026041820606 
32 2 2 -4.762904844257747 7.505137115573468 0.0 0.9999999999999999 1.5 4.762904844257747 -7.505137115573468 0.5654866776461627 
33 2 2 -4.524812584447746 7.651040240035054 0.0 1.0 1.5 4.524812584447746 -7.651040240035054 0.5340707511102648 
34 2 2 -4.282254880904136 7.78939271150101 0.0 1.0 1.4999999999999998 4.282254880904136 -7.78939271150101 0.502654824574367 
35 2 2 -4.035471108795972 7.920057992785492 0.0 1.0 1.4999999999999998 4.035471108795972 -7.920057992785492 0.4712388980384689 
36 2 2 -3.784704813911757 8.042907133031285 0.0 1.0 1.5 3.784704813911757 -8.042907133031285 0.43982297150257094 
37 2 2 -3.530203472309161 8.157818894968722 0.0 1.0 1.5 3.530203472309161 -8.157818894968722 0.408407044966673 
38 2 2 -3.2722182460860254 8.264679874562235 0.0 1.0 1.5000000000000002 3.2722182460860254 -8.264679874562235 0.37699111843077504 
39 2 2 -3.0110037355137003 8.363384612926449 0.0 1.0 1.4999999999999998 3.0110037355137003 -8.363384612926449 0.3455751918948771 
40 2 2 -2.746817727777311 8.453835700401365 0.0 1.0 1.5000000000000002 2.746817727777311 -8.453835700401365 0.31415926535897937 
41 2 2 -2.479920942570927 8.535943872683939 0.0 0.9999999999999999 1.5 2.479920942570927 -8.535943872683939 0.28274333882308134 
42 2 2 -2.210576774798711 8.609628098921165 0.0 1.0 1.5 2.210576774798711 -8.609628098921165 0.25132741228718364 
43 2 2 -1.9390510346359333 8.674815661677755 0.0 1.0 1.5 1.9390510346359333 -8.674815661677755 0.21991148575128538 
44 2 2 -1.6656116852064422 8.731442228699455 0.0 1.0 1.4999999999999998 1.6656116852064422 -8.731442228699455 0.18849555921538766 
45 2 2 -1.390528578135386 8.779451916401225 0.0 0.9999999999999999 1.5 1.390528578135386 -8.779451916401225 0.15707963267948963 
46 2 2 -1.11407318723826 8.81879734501758 0.0 1.0 1.5 1.11407318723826 -8.81879734501758 0.12566370614359168 
47 2 2 -0.8365183406090159 8.84943968536071 0.0 1.0 1.5 0.8365183406090159 -8.84943968536071 0.09424777960769373 
48 2 2 -0.5581379513716739 8.871348697140192 0.0 1.0 1.5 0.5581379513716739 -8.871348697140192 0.06283185307179574 
49 2 2 -0.2792067473611413 8.884502758806503 0.0 0.9999999999999999 1.4999999999999998 0.2792067473611413 -8.884502758806503 0.031415926535897976 
50 2 2 -5.442874662877126e-16 8.88888888888889 0.0 1.0 1.5 5.442874662877126e-16 -8.88888888888889 -0.0 
51 2 2 0.27920674736114026 8.884502758806503 0.0 0.9999999999999999 1.4999999999999998 -0.27920674736114026 -8.884502758806503 -0.031415926535897976 
52 2 2 0.5581379513716728 8.871348697140192 0.0 1.0 1.5 -0.5581379513716728 -8.871348697140192 -0.06283185307179574 
53 2 2 0.8365183406090168 8.84943968536071 0.0 1.0 1.5 -0.8365183406090168 -8.84943968536071 -0.09424777960769394 
54 2 2 1.1140731872382612 8.81879734501758 0.0 1.0 1.5000000000000002 -1.1140731872382612 -8.81879734501758 -0.1256637061435919 
55 2 2 1.390528578135387 8.779451916401223 0.0 1.0 1.4999999999999998 -1.390528578135387 -8.779451916401223 -0.1570796326794899 
56 2 2 1.6656116852064409 8.731442228699455 0.0 1.0 1.4999999999999998 -1.6656116852064409 -8.731442228699455 -0.18849555921538766 
57 2 2 1.939051034635934 8.674815661677755 0.0 1.0 1.4999999999999998 -1.939051034635934 -8.674815661677755 -0.2199114857512856 
58 2 2 2.210576774798708 8.609628098921167 0.0 0.9999999999999999 1.5000000000000002 -2.210576774798708 -8.609628098921167 -0.2513274122871833 
59 2 2 2.479920942570926 8.535943872683939 0.0 0.9999999999999999 1.5 -2.479920942570926 -8.535943872683939 -0.28274333882308134 
60 2 2 2.746817727777312 8.453835700401365 0.0 1.0 1.4999999999999998 -2.746817727777312 -8.453835700401365 -0.31415926535897953 
61 2 2 3.0110037355137025 8.363384612926449 0.0 1.0 1.5 -3.0110037355137025 -8.363384612926449 -0.3455751918948775 
62 2 2 3.2722182460860267 8.264679874562235 0.0 1.0 1.5 -3.2722182460860267 -8.264679874562235 -0.3769911184307753 
63 2 2 3.5302034723091618 8.157818894968722 0.0 1.0 1.4999999999999998 -3.5302034723091618 -8.157818894968722 -0.4084070449666732 
64 2 2 3.7847048139117576 8.042907133031285 0.0 1.0 1.5 -3.7847048139117576 -8.042907133031285 -0.43982297150257127 
65 2 2 4.035471108795971 7.920057992785493 0.0 1.0 1.4999999999999998 -4.035471108795971 -7.920057992785493 -0.4712388980384689 
66 2 2 4.282254880904134 7.789392711501011 0.0 1.0 1.5 -4.282254880904134 -7.789392711501011 -0.5026548245743667 
67 2 2 4.524812584447745 7.651040240035055 0.0 1.0 1.5 -4.524812584447745 -7.651040240035055 -0.5340707511102648 
68 2 2 4.762904844257746 7.5051371155734685 0.0 0.9999999999999999 1.5 -4.762904844257746 -7.5051371155734685 -0.5654866776461627 
69 2 2 4.99629669201894 7.351827326884993 0.0 1.0 1.5 -4.99629669201894 -7.351827326884993 -0.5969026041820609 
70 2 2 5.224757798155316 7.191262172221755 0.0 1.0 1.5 -5.224757798155316 -7.191262172221755 -0.6283185307179586 
71 2 2 5.44806269913757 7.023600110006137 0.0 1.0 1.5 -5.44806269913757 -7.023600110006137 -0.6597344572538569 
72 2 2 5.665991019988353 6.84900660245146 0.0 1.0 1.5 -5.665991019988353 -6.84900660245146 -0.6911503837897546 
73 2 2 5.878327691765794 6.667653952270753 0.0 1.0 1.4999999999999998 -5.878327691765794 -6.667653952270753 -0.7225663103256524 
74 2 2 6.084863163810566 6.479721132634769 0.0 1.0 1.4999999999999998 -6.084863163810566 -6.479721132634769 -0.7539822368615505 
75 2 2 6.2853936105470884 6.28539361054709 0.0 1.0 1.5 -6.2853936105470884 -6.28539361054709 -0.7853981633974481 
76 2 2 6.47972113263477 6.084863163810565 0.0 1.0 1.5 -6.47972113263477 -6.084863163810565 -0.8168140899333464 
77 2 2 6.6676539522707525 5.8783276917657945 0.0 1.0 1.4999999999999998 -6.6676539522707525 -5.8783276917657945 -0.8482300164692441 
78 2 2 6.849006602451461 5.665991019988351 0.0 0.9999999999999999 1.5000000000000002 -6.849006602451461 -5.665991019988351 -0.8796459430051425 
79 2 2 7.023600110006138 5.448062699137568 0.0 1.0 1.5000000000000002 -7.023600110006138 -5.448062699137568 -0.9110618695410402 
80 2 2 7.191262172221754 5.224757798155318 0.0 1.0 1.5 -7.191262172221754 -5.224757798155318 -0.9424777960769379 
81 2 2 7.351827326884996 4.996296692018937 0.0 1.0 1.5 -7.351827326884996 -4.996296692018937 -0.9738937226128361 
82 2 2 7.505137115573468 4.762904844257748 0.0 1.0 1.5 -7.505137115573468 -4.762904844257748 -1.0053096491487339 
83 2 2 7.651040240035054 4.524812584447746 0.0 1.0 1.4999999999999998 -7.651040240035054 -4.524812584447746 -1.0367255756846316 
84 2 2 7.789392711501008 4.282254880904139 0.0 1.0 1.4999999999999998 -7.789392711501008 -4.282254880904139 -1.0681415022205294 
85 2 2 7.920057992785494 4.035471108795969 0.0 1.0 1.5 -7.920057992785494 -4.035471108795969 -1.099557428756428 
86 2 2 8.042907133031285 3.784704813911756 0.0 1.0 1.5 -8.042907133031285 -3.784704813911756 -1.1309733552923258 
87 2 2 8.157818894968722 3.5302034723091613 0.0 1.0 1.4999999999999998 -8.157818894968722 -3.5302034723091613 -1.1623892818282235 
88 2 2 8.264679874562235 3.272218246086028 0.0 1.0 1.5 -8.264679874562235 -3.272218246086028 -1.1938052083641213 
89 2 2 8.363384612926449 3.0110037355137007 0.0 1.0 1.4999999999999998 -8.363384612926449 -3.0110037355137007 -1.2252211349000195 
90 2 2 8.453835700401365 2.7468177277773114 0.0 1.0 1.5 -8.453835700401365 -2.7468177277773114 -1.2566370614359172 
91 2 2 8.535943872683937 2.4799209425709297 0.0 1.0 1.5000000000000002 -8.535943872683937 -2.4799209425709297 -1.288052987971815 
92 2 2 8.609628098921165 2.2105767747987097 0.0 1.0 1.5 -8.609628098921165 -2.2105767747987097 -1.3194689145077132 
93 2 2 8.674815661677755 1.9390510346359318 0.0 1.0000000000000002 1.5000000000000002 -8.674815661677755 -1.9390510346359318 -1.3508848410436114 
94 2 2 8.731442228699455 1.6656116852064407 0.0 1.0 1.5 -8.731442228699455 -1.6656116852064407 -1.3823007675795091 
95 2 2 8.779451916401223 1.3905285781353867 0.0 0.9999999999999999 1.5 -8.779451916401223 -1.3905285781353867 -1.413716694115407 
96 2 2 8.81879734501758 1.1140731872382585 0.0 1.0 1.4999999999999998 -8.81879734501758 -1.1140731872382585 -1.445132620651305 
97 2 2 8.849439685360712 0.8365183406090125 0.0 1.0 1.4999999999999998 -8.849439685360712 -0.8365183406090125 -1.4765485471872033 
98 2 2 8.871348697140192 0.5581379513716763 0.0 1.0 1.5 -8.871348697140192 -0.5581379513716763 -1.5079644737231006 
99 2 2 8.884502758806503 0.2792067473611399 0.0 0.9999999999999999 1.4999999999999998 -8.884502758806503 -0.2792067473611399 -1.5393804002589988 
