0.999480317006626
0.9971417435364428
0.9939586852020267
0.9903858646225803
0.9867480836689619
0.9833051838378589
0.9805118877484734
0.9790827595166948
0.9790827595166948
0.9790827595166948
0.9790827595166948
0.9790827595166948
0.9790827595166948
0.9790827595166948
0.9790827595166948
0.9790827595166948
0.9790827595166948
0.9790827595166948
0.9790827595166948
0.9790827595166948
0.9790827595166948
0.9790827595166948
0.9790827595166948
0.9790827595166948
0.9790827595166948
0.9790827595166948
0.9790827595166948
0.9790827595166948
0.9790827595166948
0.9790827595166948
0.9790827595166948
0.9790827595166948
0.9790827595166948
0.9790827595166948
0.9790827595166948
0.9790827595166948
0.9790827595166948
0.9790827595166948
0.9790827595166948
0.9790827595166948
0.9805118877484734
0.9833051838378589
0.9867480836689619
0.9903858646225803
0.9939586852020267
0.9971417435364428
0.999480317006626
